0 0.5953125 0.615625 0.1921875 0.76875
0 0.746875 0.63125 0.1671875 0.73671875
0 0.35703125 0.49140625 0.0390625 0.18125
0 0.390625 0.496875 0.0328125 0.15703125
0 0.4375 0.5125 0.03984375 0.21796875
0 0.47265625 0.5015625 0.0453125 0.22421875
0 0.503125 0.49140625 0.01953125 0.10703125
0 0.19609375 0.46640625 0.025 0.02890625
0 0.01171875 0.4734375 0.0234375 0.08125
0 0.90859375 0.4984375 0.01328125 0.04609375
0 0.92265625 0.5 0.01484375 0.053125
0 0.93671875 0.50078125 0.01328125 0.06015625
0 0.953125 0.5015625 0.01484375 0.05859375
0 0.9796875 0.5078125 0.03671875 0.10703125