0 0.4046875 0.384375 0.1921875 0.76875
0 0.253125 0.36875 0.1671875 0.73671875
0 0.64296875 0.50859375 0.0390625 0.18125
0 0.609375 0.503125 0.0328125 0.15703125
0 0.5625 0.4875 0.03984375 0.21796875
0 0.52734375 0.4984375 0.0453125 0.22421875
0 0.496875 0.50859375 0.01953125 0.10703125
0 0.80390625 0.53359375 0.025 0.02890625
0 0.98828125 0.5265625 0.0234375 0.08125
0 0.09140625 0.5015625 0.01328125 0.04609375
0 0.07734375 0.5 0.01484375 0.053125
0 0.06328125 0.49921875 0.01328125 0.06015625
0 0.046875 0.4984375 0.01484375 0.05859375
0 0.0203125 0.4921875 0.03671875 0.10703125