0 0.0265625 0.834375 0.053125 0.33046875
0 0.0953125 0.82578125 0.08671875 0.3484375
0 0.2 0.89375 0.071875 0.2125
0 0.28125 0.80625 0.08125 0.3875
0 0.20234375 0.67265625 0.05390625 0.240625
0 0.121875 0.634375 0.02734375 0.16796875
0 0.08046875 0.60703125 0.02734375 0.10859375
0 0.32421875 0.7484375 0.05078125 0.34765625
0 0.1515625 0.59921875 0.02578125 0.14921875
0 0.24453125 0.63125 0.0234375 0.18125
0 0.059375 0.5796875 0.0140625 0.1
0 0.8171875 0.80859375 0.06875 0.20625
0 0.88671875 0.79296875 0.06796875 0.20859375